60 8 100
211 692 0
519 181 11
293 391 6
370 956 3
878 820 2
963 811 14
604 0 2
365 587 19
426 743 15
859 355 5
235 465 9
702 965 8
133 632 19
176 507 15
820 429 12
401 328 7
425 554 19
311 581 19
503 104 7
12 813 1
604 784 21
41 896 1
352 594 10
729 574 21
761 216 14
361 49 12
405 145 12
621 737 6
293 517 19
379 200 19
797 897 18
343 119 17
969 785 19
780 191 9
773 731 12
855 998 15
23 237 3
273 277 17
941 879 12
37 262 19
927 446 1
879 720 8
568 576 12
345 103 19
88 845 7
557 553 17
665 715 3
997 936 21
492 65 18
865 432 1
257 563 17
700 539 20
19 444 14
390 0 13
77 29 7
710 852 1
473 168 12
496 902 2
861 571 5
651 489 10
