70 8 100
696 349 0
218 492 8
682 483 14
334 854 17
788 145 13
772 524 6
10 584 13
73 833 11
809 40 2
832 353 10
451 267 9
494 254 7
638 109 13
530 872 9
754 141 2
369 258 8
657 662 17
651 309 14
121 902 15
246 522 6
539 485 11
969 111 1
205 199 3
249 414 7
40 27 8
330 709 13
602 633 7
355 421 12
497 619 2
0 781 6
285 298 5
536 185 6
8 169 15
671 381 8
21 790 5
197 382 1
904 240 13
987 752 2
814 619 13
334 531 6
727 306 6
829 662 6
498 349 10
397 812 4
633 569 1
884 832 13
78 376 3
806 227 13
905 588 4
49 727 6
37 685 9
719 858 18
983 830 8
339 568 11
12 788 14
101 6 4
745 600 17
322 262 4
203 432 1
305 811 18
39 422 3
895 893 1
355 825 11
305 511 14
783 751 9
649 695 13
401 83 1
762 526 6
970 405 17
515 452 2
