70 8 100
598 111 0
553 599 17
312 303 13
176 283 1
805 461 15
759 977 18
671 420 17
486 17 15
129 744 8
511 534 17
761 422 12
238 25 2
184 361 18
376 639 14
486 5 17
145 56 11
563 529 5
191 249 3
523 741 13
600 658 2
196 299 2
319 615 10
605 317 4
134 749 12
120 750 11
251 859 2
907 989 12
882 32 3
125 797 8
699 843 16
438 353 9
430 929 15
610 477 9
640 616 7
971 768 10
398 933 10
837 515 2
972 419 15
881 179 6
816 658 5
542 679 10
971 377 12
934 891 14
492 313 18
640 129 1
399 62 14
42 723 15
465 886 8
233 542 10
83 534 16
47 278 16
533 217 5
672 287 4
767 583 15
64 654 14
854 543 17
244 367 7
92 99 17
982 873 6
585 489 16
596 759 5
124 674 2
185 201 3
782 710 17
640 696 18
480 140 16
915 296 5
247 412 16
503 124 5
198 933 11
