80 8 100
45 693 0
266 448 2
911 984 7
398 295 2
679 159 10
420 725 14
497 968 14
713 775 10
112 543 9
832 261 1
920 41 4
161 621 2
532 466 4
914 646 2
960 363 8
24 891 5
597 896 1
67 32 10
686 554 12
642 407 15
648 32 9
372 649 3
39 961 16
636 833 6
678 659 16
832 369 7
591 554 10
3 531 9
8 382 15
78 997 16
608 595 9
553 772 10
748 416 2
797 106 6
603 827 10
970 743 10
174 595 2
832 992 12
855 843 13
36 62 12
709 775 4
401 88 8
628 344 10
740 237 8
716 138 13
691 60 10
525 741 7
293 325 3
377 924 16
520 602 15
463 574 5
67 192 2
110 230 2
898 900 12
505 448 15
510 899 16
298 170 5
437 87 15
633 860 15
905 868 9
602 285 10
602 246 3
255 123 15
834 24 2
34 592 14
423 11 7
994 948 13
915 176 4
866 934 9
963 457 5
812 896 6
7 161 10
950 55 12
6 825 2
155 224 13
0 598 4
447 19 10
157 343 14
278 165 16
309 188 12
