60 6 100
169 949 0
345 256 6
635 56 3
497 812 12
434 627 3
177 976 7
293 648 8
902 773 7
886 35 4
628 710 7
93 661 7
68 670 9
309 42 13
650 40 14
501 453 12
280 8 4
122 613 1
473 619 8
342 670 5
816 961 1
651 123 9
563 903 11
287 783 13
354 703 1
899 511 4
93 38 11
506 738 12
826 152 4
168 786 6
22 725 7
912 658 4
712 226 11
471 236 10
649 50 15
395 766 5
796 60 16
388 231 11
376 268 4
563 593 9
928 704 2
575 216 5
526 672 8
490 44 6
617 719 7
153 690 14
488 56 14
746 658 3
417 4 15
36 145 2
64 103 15
535 231 6
523 29 11
240 41 4
335 728 11
494 189 5
676 131 10
770 33 9
14 605 7
836 659 5
491 722 8
