50 4 100
471 136 0
974 788 10
478 869 8
628 957 12
56 868 8
628 945 2
935 895 7
818 572 2
309 408 2
728 549 2
49 569 4
531 695 3
899 219 1
654 972 4
514 291 2
913 173 4
128 729 2
274 681 12
535 711 3
453 385 2
778 128 5
478 807 8
542 209 11
624 837 3
505 196 12
906 36 7
640 116 2
452 349 10
266 801 12
921 345 12
59 844 12
797 567 9
210 869 8
251 501 10
629 455 7
183 703 7
316 375 3
707 383 6
525 803 9
661 704 3
98 8 8
86 139 1
459 171 10
716 775 1
128 645 2
509 949 9
480 578 2
874 737 2
183 390 11
689 625 3
