60 4 100
520 721 0
585 954 8
581 828 6
925 729 9
271 145 4
485 49 9
634 514 8
167 739 6
3 899 10
338 685 1
367 82 9
310 132 1
720 133 8
894 851 4
940 526 3
493 260 2
399 487 3
719 911 6
562 527 1
747 84 2
168 564 4
712 88 9
30 800 5
616 797 7
992 443 3
825 44 6
235 557 6
506 136 10
320 779 6
145 838 10
654 596 1
859 807 7
194 538 1
379 524 1
177 86 1
715 257 10
919 209 1
178 508 9
577 770 9
772 643 9
843 999 3
451 862 8
812 535 10
303 546 10
529 864 2
414 884 1
522 276 2
449 174 3
731 649 1
656 333 6
773 149 7
818 401 5
825 241 4
952 937 7
819 284 1
372 653 8
339 318 2
460 143 7
608 594 5
468 732 10
