60 8 100
924 389 0
971 945 6
309 880 3
785 417 10
534 373 4
475 260 5
755 547 21
803 666 13
267 119 10
964 803 20
47 505 9
877 742 14
272 309 9
424 719 5
87 101 20
990 818 3
391 725 6
376 756 6
126 148 19
706 266 20
707 11 21
785 110 13
24 734 17
392 769 5
803 248 16
440 108 14
946 867 13
143 291 10
257 320 4
926 432 19
33 99 7
145 917 3
482 699 9
383 552 10
52 478 3
816 985 2
738 483 3
709 508 3
415 555 19
4 984 20
922 243 7
362 396 3
23 469 16
79 757 21
169 360 21
59 957 8
412 103 15
231 19 2
133 713 11
489 729 10
903 153 13
330 172 3
676 434 5
241 624 6
945 339 5
823 119 9
380 822 3
476 63 21
772 207 7
104 420 10
