50 4 100
7 419 0
542 966 6
873 678 11
94 298 4
323 114 1
959 540 9
918 859 8
956 882 12
384 89 11
29 693 9
72 480 2
383 908 2
939 148 4
656 82 4
385 257 4
539 283 7
471 730 1
146 484 5
571 361 12
349 850 1
708 778 1
256 505 2
44 982 1
758 7 2
921 422 3
666 861 9
114 330 7
232 971 7
694 247 12
109 466 2
644 608 2
13 450 12
867 467 1
929 245 10
361 808 11
68 314 4
543 803 5
29 759 9
704 43 8
191 876 7
670 521 1
14 645 2
261 464 11
159 299 8
66 990 10
343 357 9
996 223 11
865 76 5
180 896 4
195 821 3
