80 4 100
802 251 0
510 538 5
943 6 4
245 335 1
391 57 2
698 801 3
714 15 2
145 979 6
846 252 4
75 111 4
326 406 4
651 463 5
211 744 4
447 633 3
844 0 8
576 698 6
822 933 3
801 982 2
493 30 6
775 133 1
681 308 8
160 337 5
785 722 8
510 136 6
2 499 4
358 529 1
863 648 5
39 204 1
566 636 3
414 37 4
925 760 6
994 669 3
502 553 8
197 23 5
517 208 5
564 842 2
832 540 5
58 124 5
308 136 8
997 643 7
189 362 8
680 429 5
479 197 4
751 231 3
242 655 6
969 670 2
203 487 1
313 896 5
813 844 3
333 168 7
359 127 1
731 405 5
647 437 8
664 413 4
418 937 7
748 259 1
264 727 2
410 336 1
964 672 2
47 351 6
876 319 7
345 54 4
795 559 4
475 860 5
928 653 2
738 285 1
612 124 1
297 709 3
648 158 3
804 712 6
698 407 8
952 351 4
809 984 5
374 620 5
111 73 7
925 125 7
286 216 3
799 706 5
334 561 6
590 328 6
