80 6 100
351 918 0
938 829 4
30 377 11
135 234 6
222 879 6
999 734 6
759 862 12
431 582 1
343 639 4
590 857 2
497 324 9
646 887 8
522 165 9
151 248 12
589 73 4
47 646 11
719 541 10
567 423 12
624 427 2
430 741 8
830 131 10
197 179 6
815 148 6
100 696 6
115 53 9
323 950 9
266 193 2
208 636 1
870 629 11
897 282 1
642 450 6
456 686 5
453 276 8
172 582 12
329 467 11
719 323 1
416 763 10
854 584 9
901 520 6
306 104 5
792 468 11
359 784 6
489 790 8
451 278 8
404 174 10
696 566 12
672 342 2
95 163 12
920 415 4
672 392 2
558 589 2
244 15 7
291 930 12
919 843 7
180 966 1
490 194 2
141 960 5
712 29 2
736 464 11
51 231 11
282 387 12
531 196 12
128 204 9
70 223 12
791 381 7
168 726 8
457 326 5
197 685 7
879 824 9
671 677 11
104 93 1
583 265 9
793 592 3
436 533 2
796 653 3
681 163 2
737 876 7
631 852 1
542 201 9
573 390 7
