70 4 100
723 378 0
339 870 5
227 330 2
192 311 4
114 586 1
933 211 8
912 61 8
84 294 5
234 334 2
243 563 4
575 546 1
592 232 3
192 194 2
875 440 4
257 0 4
515 904 8
189 882 2
854 882 3
728 329 8
792 919 7
417 838 4
154 444 7
794 542 4
858 493 5
303 516 8
289 475 5
142 598 7
467 304 6
660 94 8
664 428 2
293 853 2
44 863 8
515 642 6
579 465 1
319 554 4
174 426 4
56 815 6
453 760 8
80 377 2
958 945 5
255 796 7
699 481 6
662 16 2
111 598 7
657 996 7
840 146 4
217 606 2
321 409 3
394 718 3
764 512 8
750 478 8
591 535 8
34 705 4
998 252 3
601 466 4
894 191 4
78 724 1
402 480 7
150 58 7
433 426 2
403 619 2
556 709 4
572 956 8
641 766 4
814 341 7
355 554 5
198 478 6
673 846 2
322 699 4
945 475 6
