70 4 100
483 499 0
111 505 4
521 178 8
116 693 1
285 227 2
349 615 3
124 487 6
205 740 6
369 326 3
925 823 4
268 628 4
924 861 7
508 906 6
439 967 4
578 818 3
193 465 7
134 162 7
30 106 7
113 24 8
972 898 7
469 57 8
907 707 5
204 779 1
699 229 7
280 684 2
429 145 3
726 760 6
423 643 7
591 427 3
666 781 5
981 8 1
116 71 1
679 227 6
542 743 2
185 184 6
124 114 7
850 786 3
271 743 1
677 354 8
982 994 3
635 800 1
513 503 8
272 725 3
464 96 4
407 799 5
340 454 7
60 493 2
55 232 1
688 656 3
671 921 7
997 655 1
391 435 8
604 978 8
800 251 6
606 269 2
900 424 6
747 655 3
746 884 1
396 353 2
203 393 6
454 388 8
642 934 3
486 897 8
622 657 1
12 805 4
144 931 5
643 671 6
18 826 1
934 155 8
238 850 5
