80 6 100
129 16 0
929 580 3
520 10 5
266 556 11
452 864 5
38 184 9
800 61 9
240 816 12
588 754 3
970 748 6
494 376 12
824 118 1
820 196 2
407 254 6
495 131 11
109 390 5
619 517 7
199 119 6
524 424 6
190 897 5
517 834 4
625 253 1
630 914 3
519 992 7
596 327 4
868 95 4
863 557 6
781 472 12
465 123 4
242 343 3
324 17 9
718 193 8
633 126 11
724 642 7
601 631 5
403 646 7
700 970 8
589 612 6
237 560 10
123 22 9
111 795 5
381 808 2
444 174 12
565 713 10
897 76 5
667 867 2
923 744 1
649 966 9
571 792 10
278 928 2
565 782 4
772 760 12
609 362 5
362 592 6
44 238 8
311 912 6
982 434 3
539 64 7
995 690 7
635 69 4
709 589 1
833 781 11
16 576 9
459 472 8
530 679 6
959 939 10
558 341 4
701 932 8
567 471 4
160 161 2
200 197 11
311 731 8
539 399 5
743 441 3
665 18 3
722 539 12
62 160 3
507 932 12
120 487 7
294 406 1
