60 4 100
873 250 0
860 111 9
161 906 1
251 7 5
527 166 5
252 378 9
4 469 8
261 499 6
806 725 4
180 436 5
162 686 3
301 311 5
783 387 5
214 455 5
839 884 10
505 441 3
352 860 8
482 257 7
377 480 1
806 620 8
699 562 1
853 371 7
325 701 8
182 666 9
525 831 5
660 450 4
232 500 1
141 765 9
110 611 3
867 24 1
741 247 7
178 837 3
237 904 3
559 878 3
604 725 3
714 118 3
373 259 5
67 640 4
734 518 7
831 857 2
288 133 3
158 381 9
555 589 4
439 557 8
413 167 1
113 826 5
885 963 5
913 121 2
250 219 10
462 154 3
580 675 6
786 351 6
593 399 5
477 108 5
126 281 2
381 959 6
912 628 9
57 849 10
298 140 1
217 462 1
