50 6 100
566 411 0
116 104 9
345 210 8
536 350 10
795 869 11
508 109 13
855 290 2
887 901 14
346 633 8
504 236 4
68 155 17
756 119 18
744 501 17
426 628 3
624 613 13
970 707 4
132 908 9
252 849 5
745 111 4
329 18 15
783 397 17
331 514 13
929 185 5
312 343 1
22 520 5
35 342 6
834 829 14
630 215 10
645 519 12
693 156 19
143 557 17
868 895 18
393 569 19
829 957 10
184 263 16
853 678 8
144 817 7
240 783 10
985 685 7
607 855 16
696 692 3
306 16 10
152 809 19
521 954 7
698 32 5
981 452 5
33 686 14
636 641 3
211 64 18
165 668 18
