80 4 100
295 772 0
19 411 5
21 682 3
497 698 6
463 411 8
406 701 3
603 464 5
801 195 7
509 229 5
976 294 6
573 830 1
879 778 5
5 137 2
349 724 1
91 758 6
769 790 5
302 302 8
348 398 8
829 821 8
112 847 3
559 994 1
69 102 5
746 352 7
348 322 4
939 507 3
850 395 8
764 289 2
973 180 1
297 595 5
95 138 5
695 126 2
950 27 3
280 465 6
384 940 7
873 134 2
495 731 5
417 623 4
790 802 4
811 73 3
127 556 6
438 549 1
229 357 4
462 739 4
259 361 3
272 584 8
405 466 6
962 173 4
199 356 6
309 47 7
507 242 4
361 457 2
79 982 3
776 27 8
971 703 5
473 648 8
882 972 8
691 889 1
524 337 6
167 881 3
50 891 4
304 159 5
712 225 6
190 992 1
523 868 4
436 24 2
720 901 2
896 937 6
31 563 7
300 268 6
272 897 8
476 551 6
659 338 1
481 80 1
884 846 1
350 542 2
305 676 4
374 495 7
174 780 8
397 977 3
594 684 5
