50 6 100
604 308 0
70 185 13
458 40 9
273 591 19
212 835 6
887 28 9
133 603 7
446 187 5
718 416 2
957 940 6
173 602 6
645 887 7
462 706 1
578 12 14
728 432 4
18 187 13
93 156 17
11 730 9
683 923 16
804 95 12
118 754 11
404 820 15
55 579 19
831 514 11
98 460 19
895 891 18
281 105 3
671 278 11
401 997 5
81 452 15
498 728 13
838 121 7
731 480 15
833 53 10
310 811 3
796 7 17
44 934 15
701 715 1
945 787 4
161 892 1
661 231 17
347 618 8
524 714 2
945 438 9
14 636 14
321 565 10
230 185 13
340 632 12
609 231 11
858 445 1
