70 6 100
109 827 0
69 602 10
430 463 11
751 567 11
753 94 12
996 179 6
848 875 12
533 529 3
516 337 6
21 847 8
855 111 8
231 553 13
614 397 4
666 643 5
133 779 3
418 315 11
680 232 8
698 587 1
59 422 10
572 284 10
318 392 10
407 311 9
78 724 11
345 695 5
444 862 2
781 955 3
154 932 10
185 263 8
509 486 7
156 58 4
848 377 7
421 456 10
225 866 3
238 694 1
717 64 7
458 362 3
953 821 3
372 88 8
57 263 6
428 931 6
738 588 2
138 496 3
744 7 9
804 55 13
827 263 13
539 417 3
201 576 1
45 990 10
404 918 6
654 171 3
680 635 6
8 339 11
724 558 1
359 357 5
218 188 12
57 469 13
822 131 3
234 199 7
629 845 2
1 12 10
312 337 6
882 48 2
370 991 12
458 611 12
432 251 1
608 338 2
520 683 11
666 836 7
437 502 11
55 847 2
