80 8 100
888 82 0
54 169 1
78 975 11
744 549 2
570 691 3
106 659 1
264 916 1
158 610 9
924 732 7
820 823 9
216 64 5
357 477 7
942 79 5
348 290 13
97 822 12
961 775 16
879 261 1
968 761 15
48 730 5
628 613 14
419 950 2
81 263 1
866 348 6
32 563 13
263 781 16
976 313 11
617 512 16
341 434 12
552 557 15
849 696 15
862 412 15
938 701 11
169 827 4
98 973 1
858 215 13
707 381 14
514 512 16
120 915 1
229 778 13
391 894 12
416 52 11
287 398 14
600 494 7
803 737 11
999 481 16
220 968 3
414 235 4
936 208 9
91 347 6
169 92 1
566 416 2
493 249 11
518 64 6
332 451 6
884 612 8
873 58 13
651 841 5
212 283 4
773 735 4
385 820 3
928 580 8
321 399 9
586 902 11
137 371 16
571 28 2
15 657 4
756 154 3
769 217 5
739 447 13
679 653 8
87 836 2
503 219 13
895 274 12
538 582 13
834 727 5
788 107 10
106 636 16
619 707 1
827 969 9
61 398 11
