60 6 100
848 807 0
824 233 8
841 931 16
140 948 8
858 185 9
757 847 13
35 238 16
577 927 4
825 912 3
889 81 12
117 646 15
600 337 11
617 47 2
819 638 6
901 500 15
489 308 5
96 73 7
409 23 13
230 390 2
244 663 10
588 392 5
646 237 8
342 335 1
429 652 8
356 165 6
520 292 16
78 311 3
114 530 9
370 535 16
854 844 16
533 369 9
136 600 13
51 75 9
189 507 11
858 627 1
867 309 14
932 754 3
571 1 8
203 655 13
245 318 14
779 401 6
756 297 13
375 999 11
430 277 5
485 978 14
546 423 12
44 600 11
83 346 15
722 449 2
738 404 7
198 205 1
378 649 1
835 194 8
32 931 11
190 547 15
98 391 3
860 886 16
444 142 6
202 125 5
992 155 8
