70 6 100
165 960 0
482 0 7
790 32 4
426 23 12
472 791 12
409 423 5
456 396 8
278 654 2
858 525 8
393 618 7
830 986 13
938 457 2
142 525 12
146 530 10
113 341 9
16 831 12
631 172 12
394 352 6
31 879 13
861 916 3
253 886 2
24 790 7
588 906 2
361 704 6
764 670 6
576 528 1
995 754 10
172 503 2
920 819 9
51 287 12
484 52 3
967 224 8
396 806 3
866 453 8
152 256 13
91 826 3
401 37 12
47 764 9
753 631 10
152 153 7
595 764 3
536 337 6
477 16 1
21 512 4
927 536 11
402 214 9
570 317 3
177 503 8
881 584 7
62 748 12
643 525 13
907 11 3
601 707 1
203 398 12
273 910 1
348 637 1
701 687 7
119 842 7
462 601 6
53 556 7
673 628 3
667 259 1
19 18 1
935 812 5
899 204 9
162 98 3
538 619 6
758 753 1
874 838 6
350 146 3
