50 8 100
96 369 0
764 863 12
497 966 21
867 72 3
397 451 12
863 603 4
50 96 10
947 691 13
316 777 20
925 438 8
338 328 10
770 367 18
65 835 10
330 492 1
833 961 20
248 330 2
151 861 15
737 696 12
432 607 23
10 218 15
815 129 25
737 536 5
666 292 16
903 43 4
727 977 2
107 527 6
169 197 3
907 569 22
911 687 9
306 212 18
262 301 25
223 649 5
335 651 15
183 217 24
759 620 5
892 962 1
173 360 20
703 734 1
12 188 22
547 337 4
835 596 6
659 188 23
948 329 12
498 161 4
70 146 7
82 791 15
82 268 20
756 160 24
58 773 24
518 419 1
