50 8 100
85 660 0
160 142 5
735 369 5
244 417 8
994 164 1
130 666 15
751 675 11
852 227 1
309 176 15
718 562 14
654 832 11
921 371 24
120 211 15
296 914 13
279 353 12
916 398 24
413 382 16
267 410 17
287 893 17
586 512 3
309 448 19
385 328 15
990 736 18
80 492 15
412 130 7
280 86 25
320 174 18
465 163 22
319 951 8
2 101 21
942 853 15
488 542 10
170 632 20
499 989 13
589 410 7
288 993 12
90 93 7
926 56 13
210 667 9
224 758 2
452 216 11
777 995 16
863 618 9
484 881 19
729 651 19
357 712 5
798 969 25
781 718 6
143 553 14
739 210 8
